     1     1     1
     1     1     1
     1     1     1
     1     1     1
     1     1     1
     1     1     1
     1     1     1
     1     1     1
     1     1     1
     1     1     1
     1     1     1
     1     1     1
     1     1     1
     1     1     1
     1     1     1
     1     2     1
     1     2     1
     1     2     1
     1     2     1
     1     2     1
     1     2     1
     1     2     1
     1     2     1
     1     2     1
     1     2     1
     1     2     1
     1     2     1
     1     2     1
     1     2     1
     1     2     1
     1     2     1
     1     2     1
     1     2     1
     1     2     1
     1     2     1
     1     2     1
     1     2     1
     1     2     1
     1     2     1
     1     2     1
     1     2     1
     1     3     1
     1     4     1
     1     4     1
     1     4     1
     1     4     1
     1     4     1
     1     4     1
     1     4     1
     1     4     1
     1     4     1
     1     6     1
     1     6     1
     1     6     1
     1     6     1
     1     6     1
     1     6     1
     1     6     1
     1     6     1
     1     6     1
     1     6     1
     1     6     1
     1     6     1
     1     6     1
     1     6     1
     1     6     1
     1     6     1
     1     6     1
     1     6     1
     1     6     1
     1     6     1
     1     6     1
     1     6     1
     1     6     1
     1     6     1
     1     6     1
     1     6     1
     1     6     1
     1     6     1
     1     6     1
     1     6     1
     1     6     1
     1     6     1
     1     6     1
     1     6     1
     1     6     1
     1     6     1
     1     6     1
     1     6     1
     1     6     1
     1     6     1
     1     6     1
     1     6     1
     1     6     1
     1     6     1
     1     6     1
     1     6     1
     1     6     1
     1     6     1
     1     6     1
     1     6     1
     1     6     1
     1     6     1
     1     6     1
     1     6     1
     1     6     1
     1     9     1
     1     9     1
     2     1     1
     2     1     1
     2     1     1
     2     1     1
     2     1     1
     2     1     1
     2     1     1
     2     1     1
     2     2     1
     2     2     1
     2     2     1
     2     2     1
     2     2     1
     2     2     1
     2     2     1
     2     2     1
     2     2     1
     2     2     1
     2     2     1
     2     2     1
     2     3     1
     2     4     1
     2     4     1
     2     4     1
     2     5     1
     2     5     1
     2     5     1
     2     5     1
     2     5     1
     2     5     1
     2     5     1
     2     5     1
     2     5     1
     2     5     1
     2     5     1
     2     7     1
     2     8     1
     2     9     1
     2     9     1
     2     9     1
     3     1     1
     3     1     1
     3     1     1
     3     4     1
     3     5     1
     3     5     1
     3     5     1
     4     1     1
     4     1     1
     4     2     1
     5     1     1
     5     4     1
     5     4     1
     5     4     1
     5     9     1
     6     2     1
     6     4     1
     6     4     1
     6     4     1
     6     4     1
     6     4     1
     6     4     1
     7     4     1
     7     4     1
     7     4     1
     7     5     1
     8     4     1
     8     4     1
     8     4     1
     9     1     1
     9     1     1
     9     4     1
     9     4     1
     9     4     1
     9     6     1
    10     1     1
    10     1     1
    10     5     1
    10     5     1
    10     9     1
    11     4     1
    11     4     1
    11     4     1
    11     4     1
    11     4     1
    11     4     1
    11     4     1
    11     4     1
    11     4     1
     1     1     2
     1     1     2
     1     1     2
     1     1     2
     1     1     2
     1     1     2
     1     1     2
     1     1     2
     1     1     2
     1     1     2
     1     1     2
     1     1     2
     1     1     2
     1     1     2
     1     1     2
     1     1     2
     1     1     2
     1     1     2
     1     1     2
     1     1     2
     1     1     2
     1     1     2
     1     1     2
     1     1     2
     1     1     2
     1     1     2
     1     1     2
     1     1     2
     1     1     2
     1     1     2
     1     1     2
     1     1     2
     1     1     2
     1     1     2
     1     1     2
     1     1     2
     1     1     2
     1     1     2
     1     1     2
     1     1     2
     1     1     2
     1     1     2
     1     1     2
     1     1     2
     1     1     2
     1     1     2
     1     1     2
     1     1     2
     1     1     2
     1     1     2
     1     1     2
     1     1     2
     1     1     2
     1     1     2
     1     1     2
     1     1     2
     1     1     2
     1     1     2
     1     1     2
     1     1     2
     1     1     2
     1     1     2
     1     1     2
     1     1     2
     1     1     2
     1     1     2
     1     1     2
     1     1     2
     1     1     2
     1     1     2
     1     1     2
     1     1     2
     1     1     2
     1     1     2
     1     1     2
     1     1     2
     1     1     2
     1     1     2
     1     1     2
     1     1     2
     1     1     2
     1     1     2
     1     1     2
     1     1     2
     1     1     2
     1     1     2
     1     1     2
     1     1     2
     1     1     2
     1     1     2
     1     1     2
     1     1     2
     1     1     2
     1     1     2
     1     1     2
     1     1     2
     1     1     2
     1     2     2
     1     2     2
     1     2     2
     1     2     2
     1     2     2
     1     2     2
     1     2     2
     1     2     2
     1     2     2
     1     2     2
     1     2     2
     1     2     2
     1     2     2
     1     2     2
     1     2     2
     1     2     2
     1     2     2
     1     2     2
     1     2     2
     1     2     2
     1     2     2
     1     2     2
     1     2     2
     1     2     2
     1     2     2
     1     2     2
     1     2     2
     1     2     2
     1     2     2
     1     2     2
     1     2     2
     1     2     2
     1     2     2
     1     2     2
     1     2     2
     1     2     2
     1     2     2
     1     2     2
     1     2     2
     1     2     2
     1     2     2
     1     2     2
     1     2     2
     1     2     2
     1     2     2
     1     2     2
     1     2     2
     1     2     2
     1     2     2
     1     2     2
     1     2     2
     1     2     2
     1     2     2
     1     2     2
     1     2     2
     1     2     2
     1     2     2
     1     2     2
     1     2     2
     1     2     2
     1     2     2
     1     2     2
     1     3     2
     1     3     2
     1     3     2
     1     3     2
     1     3     2
     1     4     2
     1     4     2
     1     4     2
     1     4     2
     1     4     2
     1     4     2
     1     4     2
     1     4     2
     1     4     2
     1     6     2
     1     6     2
     1     6     2
     1     6     2
     1     6     2
     1     7     2
     1     7     2
     1     7     2
     1     7     2
     1     7     2
     1     7     2
     1     7     2
     1     7     2
     1     7     2
     1     8     2
     1     8     2
     1     8     2
     1     9     2
     1     9     2
     1     9     2
     1     9     2
     1     9     2
     1     9     2
     1     9     2
     1     9     2
     1     9     2
     1     9     2
     1     9     2
     1     9     2
     1     9     2
     1     9     2
     1     9     2
     1     9     2
     1     9     2
     1     9     2
     1     9     2
     1     9     2
     1     9     2
     1     9     2
     1     9     2
     1     9     2
     1     9     2
     1     9     2
     1     9     2
     1     9     2
     1     9     2
     1     9     2
     1     9     2
     1     9     2
     1     9     2
     2     1     2
     2     1     2
     2     1     2
     2     1     2
     2     1     2
     2     1     2
     2     1     2
     2     1     2
     2     2     2
     2     2     2
     2     2     2
     2     2     2
     2     2     2
     2     2     2
     2     2     2
     2     2     2
     2     3     2
     2     3     2
     2     3     2
     2     3     2
     2     3     2
     2     3     2
     2     3     2
     2     3     2
     2     3     2
     2     3     2
     2     3     2
     2     3     2
     2     3     2
     2     3     2
     2     3     2
     2     3     2
     2     3     2
     2     4     2
     2     4     2
     2     4     2
     2     5     2
     2     5     2
     2     5     2
     2     5     2
     2     5     2
     2     5     2
     2     5     2
     2     5     2
     2     5     2
     2     5     2
     2     5     2
     2     5     2
     2     5     2
     2     5     2
     2     6     2
     2     6     2
     2     7     2
     2     7     2
     2     7     2
     2     7     2
     2     7     2
     2     7     2
     2     7     2
     2     7     2
     2     7     2
     2     7     2
     2     7     2
     2     7     2
     2     7     2
     2     7     2
     2     9     2
     2     9     2
     2     9     2
     2     9     2
     2     9     2
     3     1     2
     3     1     2
     3     1     2
     3     1     2
     3     1     2
     3     1     2
     3     1     2
     3     1     2
     3     1     2
     3     1     2
     3     2     2
     3     2     2
     3     2     2
     3     2     2
     3     2     2
     3     2     2
     3     2     2
     3     2     2
     3     2     2
     3     2     2
     3     2     2
     3     2     2
     3     2     2
     3     2     2
     3     2     2
     3     2     2
     3     2     2
     3     2     2
     3     2     2
     3     2     2
     3     2     2
     3     2     2
     3     5     2
     3     5     2
     3     5     2
     3     5     2
     3     6     2
     3     6     2
     3     8     2
     3     8     2
     3     8     2
     3     8     2
     3     8     2
     3     8     2
     3     9     2
     3     9     2
     4     1     2
     4     1     2
     4     1     2
     4     1     2
     4     2     2
     4     2     2
     4     3     2
     4     7     2
     4     9     2
     5     1     2
     5     2     2
     5     2     2
     7     1     2
     7     1     2
     9     1     2
     9     9     2
    10     2     2
    10     3     2
    10     4     2
    10     9     2
    10     9     2
    11     5     2
    11     5     2
    11     7     2
